500 0 499
165 216
165 291
165 24
165 57
165 86
165 178
165 442
165 224
165 335
165 171
216 236
216 324
216 3
216 481
216 30
216 145
216 244
216 118
216 444
92 232
92 103
92 178
92 223
92 492
92 87
92 272
92 393
92 35
92 483
232 459
232 357
232 492
232 385
232 352
232 331
232 488
232 11
232 224
72 137
72 84
72 361
72 175
72 495
72 354
72 343
72 356
72 388
72 8
137 229
137 329
137 187
137 399
137 355
137 479
137 269
137 58
137 238
217 263
217 190
217 462
217 39
217 253
217 23
217 446
217 261
217 424
217 283
263 8
263 347
263 435
263 493
263 308
263 103
263 231
263 127
263 276
77 252
77 218
77 21
77 78
77 53
77 150
77 447
77 237
77 106
77 184
252 40
252 52
252 494
252 200
252 255
252 408
252 228
252 75
252 242
9 234
9 432
9 389
9 5
9 181
9 446
9 40
9 471
9 294
9 297
234 318
234 471
234 205
234 465
234 203
234 190
234 0
234 83
234 327
43 110
43 352
43 132
43 396
43 156
43 168
43 425
43 61
43 116
43 206
110 406
110 74
110 142
110 68
110 409
110 477
110 146
110 181
110 117
75 179
75 135
75 115
75 61
75 29
75 261
75 89
75 429
75 376
179 114
179 260
179 272
179 153
179 438
179 140
179 417
179 34
179 136
60 428
60 401
60 125
60 412
60 389
60 235
60 71
60 205
60 437
60 65
428 41
428 93
428 58
428 396
428 230
428 97
428 464
428 255
428 476
276 318
276 344
276 50
276 185
276 265
276 405
276 329
276 286
276 142
318 403
318 239
318 442
318 484
318 451
318 112
318 47
318 170
69 104
69 295
69 473
69 152
69 397
69 409
69 58
69 322
69 191
69 377
104 30
104 31
104 310
104 323
104 345
104 236
104 379
104 250
104 325
0 270
0 224
0 294
0 51
0 230
0 453
0 47
0 387
0 16
270 470
270 316
270 296
270 417
270 361
270 225
270 443
270 479
270 347
201 260
201 129
201 162
201 10
201 333
201 49
201 325
201 100
201 182
201 303
260 237
260 14
260 274
260 148
260 376
260 451
260 408
260 141
51 464
51 476
51 44
51 32
51 149
51 63
51 331
51 167
51 111
464 129
464 220
464 170
464 447
464 63
464 99
464 283
464 133
366 476
366 283
366 109
366 413
366 161
366 192
366 286
366 384
366 136
366 33
476 444
476 336
476 271
476 350
476 436
476 17
476 398
212 418
212 410
212 205
212 256
212 422
212 258
212 87
212 315
212 482
212 117
418 139
418 204
418 471
418 81
418 444
418 114
418 228
418 392
418 425
292 298
292 233
292 299
292 194
292 492
292 125
292 203
292 220
292 319
292 271
298 459
298 120
298 284
298 34
298 11
298 228
298 59
298 95
298 346
90 163
90 233
90 37
90 222
90 320
90 300
90 369
90 240
90 403
90 340
163 259
163 49
163 118
163 186
163 95
163 409
163 96
163 287
163 325
150 214
150 135
150 269
150 84
150 294
150 225
150 66
150 190
150 255
214 322
214 233
214 177
214 11
214 126
214 415
214 118
214 18
214 398
453 480
453 338
453 419
453 287
453 135
453 183
453 282
453 113
453 423
480 122
480 365
480 245
480 358
480 129
480 89
480 477
480 173
480 281
406 384
406 237
406 54
406 132
406 279
406 112
406 11
406 31
406 261
101 437
101 469
101 249
101 475
101 6
101 257
101 335
101 423
101 279
101 478
437 256
437 237
437 334
437 199
437 344
437 172
437 385
437 91
88 95
88 317
88 451
88 56
88 175
88 111
88 146
88 226
88 147
88 238
95 145
95 115
95 227
95 108
95 448
95 450
95 440
107 108
107 373
107 307
107 430
107 22
107 187
107 386
107 133
107 61
107 382
108 58
108 146
108 4
108 402
108 238
108 383
108 460
108 144
6 205
6 401
6 129
6 282
6 494
6 109
6 342
6 188
6 266
205 386
205 117
205 202
205 335
205 78
205 332
367 413
367 448
367 213
367 461
367 64
367 382
367 463
367 339
367 348
367 67
413 268
413 114
413 164
413 209
413 120
413 308
413 420
413 133
331 490
331 96
331 309
331 289
331 493
331 157
331 394
331 454
490 346
490 497
490 64
490 275
490 142
490 208
490 333
490 385
490 115
352 121
352 364
352 124
352 486
352 466
352 168
352 467
352 145
358 364
358 266
358 348
358 398
358 433
358 159
358 488
358 381
358 309
364 404
364 153
364 206
364 188
364 330
364 444
364 79
364 210
41 288
41 98
41 466
41 400
41 79
41 12
41 359
41 184
41 491
117 158
117 53
117 481
117 112
117 187
117 222
117 247
158 355
158 488
158 337
158 425
158 470
158 306
158 461
158 85
158 354
61 257
61 312
61 336
61 305
61 226
61 10
61 286
257 470
257 114
257 265
257 497
257 73
257 13
257 344
257 481
106 408
106 362
106 356
106 382
106 313
106 195
106 162
106 416
106 118
408 452
408 73
408 499
408 435
408 180
408 368
408 332
373 350
373 383
373 386
373 444
373 50
373 111
373 65
373 164
373 412
94 254
94 301
94 268
94 12
94 149
94 305
94 272
94 74
94 91
94 189
254 62
254 123
254 26
254 396
254 220
254 451
254 182
254 36
254 491
58 463
58 300
58 279
58 125
58 207
58 3
124 282
124 429
124 363
124 25
124 343
124 202
124 312
124 86
124 371
282 202
282 230
282 102
282 45
282 421
282 250
282 38
36 169
36 424
36 174
36 394
36 421
36 299
36 456
36 102
36 467
169 360
169 470
169 172
169 197
169 68
169 486
169 440
169 190
169 434
268 326
268 227
268 127
268 59
268 57
268 151
268 377
268 82
326 20
326 166
326 372
326 197
326 192
326 288
326 245
326 306
326 445
198 347
198 448
198 415
198 273
198 398
198 2
198 311
198 389
198 202
198 380
347 152
347 103
347 210
347 277
347 307
347 126
347 253
19 116
19 161
19 87
19 21
19 197
19 89
19 442
19 176
19 310
19 424
116 207
116 405
116 485
116 121
116 10
116 27
116 202
116 191
30 354
30 190
30 126
30 239
30 481
30 42
30 332
30 168
354 272
354 382
354 134
354 220
354 168
354 423
354 295
89 440
89 11
89 242
89 213
89 479
89 494
89 471
440 289
440 8
440 439
440 339
440 35
440 296
440 119
256 449
256 497
256 454
256 342
256 187
256 7
256 266
256 337
290 350
290 247
290 144
290 306
290 131
290 363
290 333
290 355
290 143
290 132
350 265
350 237
350 442
350 376
350 353
350 487
350 238
84 102
84 447
84 249
84 99
84 429
84 255
84 166
84 378
102 44
102 327
102 54
102 27
102 123
102 244
102 337
18 416
18 319
18 374
18 76
18 439
18 209
18 224
18 359
18 71
416 173
416 351
416 253
416 83
416 395
416 127
416 40
416 272
35 325
35 171
35 161
35 195
35 210
35 308
35 409
35 178
325 55
325 280
325 142
325 436
325 458
325 430
224 419
224 499
224 25
224 222
224 230
224 277
407 462
407 76
407 444
407 488
407 447
407 427
407 346
407 396
407 4
407 495
462 193
462 422
462 247
462 67
462 28
462 231
462 127
462 111
99 346
99 359
99 172
99 438
99 483
99 475
99 48
99 324
346 34
346 100
346 343
346 8
346 484
346 200
291 42
291 96
291 76
291 156
291 140
291 154
291 394
291 474
291 307
189 419
189 461
189 145
189 286
189 302
189 423
189 337
189 53
189 14
419 449
419 385
419 301
419 16
419 85
419 499
419 316
229 279
229 491
229 66
229 339
229 272
229 196
229 363
229 301
229 54
22 162
22 493
22 264
22 195
22 188
22 240
22 431
22 3
22 192
162 86
162 136
162 64
162 171
162 403
162 370
162 327
139 374
139 444
139 300
139 32
139 114
139 458
139 304
139 25
139 469
174 296
174 54
174 375
174 332
174 178
174 233
174 245
174 269
174 349
296 240
296 381
296 156
296 327
296 306
296 439
296 129
3 414
3 247
3 130
3 8
3 485
3 399
3 26
414 115
414 135
414 185
414 460
414 357
414 342
414 389
414 121
414 143
49 381
49 249
49 1
49 120
49 297
49 431
49 125
49 5
381 412
381 459
381 244
381 127
381 294
381 473
381 164
277 388
277 293
277 121
277 188
277 470
277 439
277 225
277 255
388 81
388 13
388 341
388 207
388 267
388 376
388 243
388 136
11 82
11 239
11 85
11 392
11 122
64 244
64 316
64 262
64 493
64 59
64 7
64 166
244 410
244 111
244 226
244 172
244 240
244 375
173 275
173 82
173 147
173 280
173 390
173 392
173 10
173 417
111 441
111 21
111 424
111 391
111 351
441 439
441 46
441 289
441 287
441 246
441 302
441 377
441 379
441 451
237 328
237 31
237 128
237 27
237 248
259 199
259 33
259 420
259 369
259 120
259 245
259 393
259 206
259 207
362 339
362 321
362 458
362 329
362 332
362 297
362 274
362 429
362 242
52 391
52 204
52 448
52 307
52 297
52 395
52 335
52 21
52 8
391 115
391 147
391 208
391 390
391 372
391 469
391 188
391 87
286 329
286 452
286 236
286 398
286 146
286 80
329 402
329 271
329 219
329 50
329 25
329 258
152 249
152 219
152 484
152 208
152 309
152 387
152 497
152 191
249 338
249 55
249 66
249 239
249 120
249 323
470 125
470 175
470 353
470 384
470 155
302 422
302 78
302 225
302 209
302 57
302 487
302 207
302 66
422 181
422 209
422 250
422 182
422 185
422 68
422 34
93 140
93 274
93 342
93 280
93 491
93 147
93 129
93 361
93 482
359 67
359 313
359 208
359 159
359 241
359 485
359 442
313 468
313 192
313 458
313 361
313 171
313 451
313 16
313 246
468 130
468 215
468 293
468 200
468 17
468 48
468 327
468 390
468 397
5 315
5 7
5 208
5 121
5 365
5 168
5 377
5 225
315 167
315 426
315 383
315 481
315 194
315 275
315 387
315 105
225 355
225 97
225 78
225 269
225 54
355 261
355 474
355 454
355 402
355 403
355 50
449 400
449 253
449 496
449 412
449 324
449 343
449 145
449 323
126 196
126 498
126 401
126 436
126 390
126 404
126 273
196 246
196 203
196 415
196 17
196 330
196 235
196 356
196 24
403 399
403 33
403 200
403 211
403 228
403 410
223 394
223 172
223 128
223 220
223 445
223 258
223 335
223 312
223 446
394 71
394 334
394 218
394 164
394 469
394 293
10 21
10 451
10 279
10 112
10 204
10 153
21 482
21 47
21 17
21 25
21 236
190 472
190 241
190 125
190 344
190 87
195 332
195 135
195 312
195 79
195 129
195 46
195 70
332 369
332 457
332 459
332 495
130 157
130 202
130 55
130 405
130 339
130 221
130 134
130 466
424 118
424 498
424 29
424 74
424 320
424 301
156 340
156 321
156 27
156 411
156 458
156 272
156 383
340 392
340 426
340 458
340 247
340 131
340 427
340 439
340 487
247 466
247 177
247 28
247 37
247 182
401 81
401 495
401 123
401 140
401 220
401 389
401 323
140 397
140 177
140 455
140 42
140 427
140 38
38 241
38 154
38 146
38 334
38 301
38 379
38 215
38 338
241 243
241 336
241 456
241 86
241 429
241 474
241 23
243 344
243 288
243 369
243 172
243 220
243 188
243 438
243 264
344 499
344 202
344 39
344 127
344 160
96 199
96 138
96 334
96 1
96 491
96 280
96 251
34 356
34 349
34 316
34 219
34 55
34 400
356 175
356 45
356 376
356 188
356 183
356 361
378 425
378 17
378 264
378 56
378 42
378 438
378 193
378 271
378 465
425 50
425 410
425 192
425 448
425 351
425 155
429 182
429 348
429 305
429 360
429 341
439 335
439 380
439 211
439 153
73 463
73 197
73 452
73 78
73 269
73 311
73 317
73 284
463 245
463 141
463 447
463 16
463 177
463 341
463 159
171 338
171 438
171 374
171 498
171 353
171 404
309 40
309 253
309 267
309 136
309 180
309 383
309 349
160 202
160 335
160 191
160 16
160 478
160 371
160 184
160 385
160 7
202 206
202 384
322 31
322 81
322 114
322 435
322 327
322 461
322 312
322 100
187 305
187 70
187 141
187 68
187 487
187 357
305 498
305 146
305 183
305 167
305 144
305 211
400 288
400 328
400 339
400 446
400 235
400 285
400 83
186 489
186 456
186 436
186 149
186 342
186 211
186 498
186 25
186 379
489 380
489 20
489 311
489 342
489 278
489 351
489 430
489 467
489 382
262 335
262 184
262 380
262 458
262 168
262 404
262 122
262 45
262 323
335 219
335 128
133 370
133 79
133 239
133 119
133 377
133 53
133 222
370 2
370 248
370 448
370 100
370 349
370 491
370 435
370 27
25 279
25 411
25 427
25 365
279 360
279 330
279 496
279 204
273 493
273 135
273 85
273 147
273 176
273 62
273 360
273 23
493 304
493 445
493 45
493 109
493 452
31 168
31 304
31 231
31 316
31 121
31 353
445 456
445 211
445 15
445 193
445 267
445 82
445 113
456 432
456 26
456 397
456 23
456 115
456 333
103 338
103 285
103 118
103 185
103 275
103 409
103 2
175 452
175 379
175 451
175 405
175 496
175 417
452 176
452 435
452 420
452 343
452 29
246 28
246 369
246 56
246 40
246 295
246 287
246 55
135 78
135 98
135 109
135 266
53 4
53 303
53 442
53 47
53 113
53 311
45 342
45 213
45 314
45 239
45 372
45 454
342 151
342 215
342 473
338 112
338 461
338 176
338 341
338 143
37 109
37 143
37 59
37 278
37 4
37 218
37 316
37 450
109 375
109 281
109 12
109 387
109 210
157 483
157 497
157 203
157 183
157 228
157 63
157 20
157 81
177 497
177 446
177 308
177 14
177 15
177 299
497 148
497 207
497 432
497 78
316 360
316 148
316 76
316 143
402 215
402 417
402 12
402 79
402 374
402 142
402 115
412 492
412 240
412 154
412 281
412 431
412 66
274 433
274 487
274 438
274 384
274 144
274 361
274 482
333 372
333 311
333 40
333 27
333 82
333 215
372 122
372 423
372 283
372 161
372 297
372 231
472 251
472 477
472 426
472 465
472 479
472 307
472 392
472 209
472 62
4 320
4 377
4 399
4 91
4 236
4 405
15 211
15 420
15 336
15 293
15 118
15 7
15 341
15 475
211 32
211 255
211 248
211 320
20 491
20 120
20 427
20 119
20 86
20 143
20 398
380 44
380 27
380 231
380 172
380 91
380 317
115 44
115 119
115 68
28 266
28 357
28 203
28 228
28 24
28 8
28 221
266 434
266 240
266 484
266 97
266 442
317 105
317 320
317 375
317 199
317 420
317 80
317 481
128 353
128 245
128 82
128 159
128 164
128 120
128 210
353 24
353 444
353 68
353 55
353 161
146 242
146 86
146 181
146 14
275 250
275 155
275 238
275 258
275 341
275 81
448 395
448 159
448 426
448 24
161 48
161 371
161 348
161 471
161 495
118 227
118 184
118 176
197 488
197 168
197 239
197 374
197 219
197 431
488 191
488 207
488 303
488 153
488 312
17 206
17 42
17 166
17 387
17 180
398 478
398 324
398 308
398 105
478 431
478 208
478 123
478 336
478 184
478 295
478 83
16 184
16 183
16 382
16 431
16 278
184 56
184 181
184 226
62 300
62 123
62 312
62 226
62 141
62 153
62 76
300 371
300 482
300 328
300 91
300 82
300 369
245 210
245 435
245 39
245 48
48 136
48 499
48 114
48 384
48 474
48 320
136 79
136 396
136 363
136 432
46 178
46 233
46 278
46 170
46 50
46 304
46 307
46 208
239 341
239 264
239 345
341 269
341 375
341 154
13 264
13 299
13 433
13 236
13 477
13 63
13 417
13 265
264 443
264 377
264 434
264 168
264 460
44 311
44 74
44 485
44 288
44 487
44 67
269 473
269 432
269 447
269 267
281 423
281 481
281 458
281 78
281 138
281 434
281 251
423 295
423 40
423 492
423 119
181 485
181 457
181 193
181 56
181 155
485 238
485 369
485 138
485 430
485 149
113 467
113 70
113 395
113 339
113 74
113 242
113 39
467 148
467 427
467 24
467 76
467 57
467 369
307 491
307 1
307 80
307 272
168 411
2 306
2 119
2 240
2 409
2 297
2 357
2 258
297 324
297 323
297 461
297 194
324 29
324 81
324 142
324 7
324 371
436 482
436 461
436 496
436 376
436 255
436 122
482 86
482 47
482 56
482 405
208 475
208 199
208 178
475 289
475 384
475 8
475 285
475 180
475 213
70 361
70 122
70 420
70 227
70 105
70 183
70 294
361 172
361 385
361 337
24 132
24 434
24 182
24 392
461 314
461 80
461 194
312 12
312 289
312 390
153 395
153 221
153 100
153 469
395 457
395 368
395 221
395 39
395 114
459 314
459 85
459 251
459 213
459 404
459 496
12 47
12 14
12 167
12 40
12 63
47 248
47 382
47 33
47 14
351 71
351 301
351 473
351 417
351 255
351 154
29 365
29 433
29 479
29 148
29 251
29 306
365 7
365 121
365 218
365 199
365 374
365 442
451 303
451 287
288 192
288 337
288 314
288 39
288 386
7 301
7 81
7 469
42 420
42 397
42 399
42 227
42 405
420 193
420 132
420 432
469 474
469 379
469 393
469 261
289 308
289 191
289 486
289 368
289 100
283 221
283 360
283 349
283 460
283 280
283 227
66 368
66 142
66 63
66 98
66 127
368 233
368 345
368 328
368 23
368 199
368 363
114 204
114 253
204 328
204 295
204 474
204 299
204 97
499 127
499 131
499 142
499 314
499 483
433 193
433 411
433 238
433 386
433 479
433 235
172 40
172 457
199 227
199 396
199 473
410 294
410 311
410 193
410 138
410 67
410 343
271 284
271 33
271 167
271 385
271 443
271 228
284 151
284 280
284 399
284 369
284 125
284 206
284 178
127 79
127 374
221 250
221 473
221 149
221 411
221 50
240 253
240 285
240 91
129 314
129 170
129 149
32 267
32 334
32 455
32 457
32 404
32 393
32 491
267 492
267 147
267 98
267 334
267 389
131 389
131 345
131 261
131 371
131 194
131 285
131 59
389 477
389 443
389 105
434 147
434 363
434 310
434 207
434 334
397 444
397 119
397 330
397 363
397 213
149 294
149 382
149 80
149 59
294 210
294 220
294 155
215 304
215 349
215 293
215 383
215 287
55 250
55 74
55 164
55 59
250 387
250 164
250 26
250 54
336 349
336 226
336 176
336 170
336 143
349 112
349 148
349 206
81 285
81 141
261 466
261 450
261 203
261 26
415 166
415 67
415 376
415 393
415 386
415 421
415 251
125 431
125 299
125 328
431 457
431 386
431 39
285 303
285 293
285 376
285 178
303 421
303 375
303 54
303 238
303 348
498 438
498 471
498 484
498 233
498 446
444 251
8 71
8 392
132 57
132 194
132 272
132 222
132 183
409 455
409 319
409 167
409 230
455 1
455 293
455 56
455 375
455 87
455 314
455 85
122 141
122 320
122 155
122 411
210 343
210 393
210 100
327 421
327 85
327 219
327 495
421 145
421 148
421 258
421 242
421 219
311 334
311 105
311 251
203 219
203 231
203 57
203 360
123 23
123 265
123 74
123 138
123 170
492 83
492 443
492 454
492 138
154 206
154 176
154 486
154 167
154 343
206 228
206 74
166 180
166 218
166 383
166 231
166 321
180 148
180 258
180 54
180 253
180 222
363 207
363 337
363 235
219 185
219 387
417 67
417 330
417 457
193 65
193 447
193 382
328 314
328 65
328 98
328 191
176 495
176 74
176 145
495 167
495 393
495 310
477 486
477 178
477 454
477 405
477 86
486 357
486 143
486 484
486 460
486 67
314 321
314 236
67 430
67 191
253 151
253 200
14 248
14 319
14 68
14 466
76 155
76 308
76 396
76 1
57 119
57 134
57 287
57 443
248 471
248 483
248 112
248 134
248 280
148 432
148 308
432 26
432 494
432 357
1 233
1 278
1 339
1 231
1 386
233 295
233 98
369 385
343 392
343 473
74 481
226 299
226 194
226 438
226 230
293 194
293 23
293 134
295 450
295 142
295 321
474 435
474 438
474 120
474 63
78 345
78 383
345 304
345 376
345 63
345 83
345 443
386 200
386 390
144 491
144 379
144 460
144 348
144 330
144 59
155 383
155 141
155 200
466 494
466 306
466 487
466 382
308 323
308 473
65 411
65 194
65 471
65 450
65 387
65 27
411 191
411 435
411 438
167 392
167 339
97 479
97 377
97 50
97 450
97 319
97 56
479 465
479 80
479 151
383 299
236 494
236 54
236 87
494 330
494 235
494 280
494 454
435 265
435 404
213 143
213 200
213 235
213 310
119 83
119 377
360 458
360 80
360 222
385 390
385 183
100 194
100 33
100 377
371 348
371 450
371 222
371 337
339 79
357 319
357 337
357 442
105 473
105 443
105 27
105 404
384 182
384 321
384 487
218 68
218 310
218 301
218 399
218 255
465 483
465 23
465 287
465 304
465 446
465 299
164 222
164 33
164 483
222 230
304 306
304 230
304 220
86 159
86 63
159 443
159 458
159 120
159 330
147 228
147 393
147 138
85 134
85 91
85 446
227 481
227 120
227 319
404 112
404 87
320 483
320 457
320 242
483 323
483 374
457 337
457 185
26 121
26 209
26 443
26 447
121 231
121 192
399 91
399 319
399 348
79 191
79 375
71 442
71 134
71 310
71 112
71 170
98 39
98 427
98 209
98 251
471 265
471 348
454 375
454 138
454 396
33 185
33 330
33 379
39 265
39 446
375 80
192 392
192 56
192 54
251 141
481 59
183 447
183 170
323 185
323 200
82 430
82 207
82 238
306 68
306 80
178 91
299 185
145 170
145 228
145 450
40 182
374 321
374 50
255 151
209 278
209 258
209 390
56 496
200 231
83 427
83 487
83 334
230 447
230 430
242 278
242 151
242 446
278 23
278 460
278 427
348 258
396 235
396 310
258 142
334 220
430 91
430 450
430 426
272 238
265 87
265 387
143 50
301 134
301 426
426 427
426 310
426 460
426 496
319 280
319 112
280 134
321 151
321 287
321 185
141 87
141 460
405 310
405 188
487 188
23 63
496 151
496 182
496 235
134 484
450 235
182 484
68 330
460 138
59 484
151 188
27 393
379 387
379 138
376 170
80 393
287 390
390 484