1000 0 999
298 745
298 168
298 788
298 467
298 887
298 779
298 532
298 646
298 123
298 865
745 692
745 305
745 504
745 93
745 249
745 910
745 709
745 773
745 163
430 901
430 42
430 509
430 748
430 939
430 617
430 34
430 850
430 667
430 512
901 948
901 17
901 54
901 927
901 302
901 179
901 405
901 201
901 14
130 609
130 747
130 292
130 736
130 350
130 26
130 153
130 320
130 997
130 431
609 193
609 70
609 904
609 895
609 379
609 804
609 995
609 276
609 219
512 674
512 169
512 903
512 389
512 334
512 634
512 429
512 1
512 626
674 170
674 470
674 543
674 786
674 768
674 72
674 517
674 511
674 844
462 853
462 587
462 698
462 770
462 243
462 558
462 857
462 683
462 372
462 535
853 545
853 731
853 429
853 950
853 956
853 757
853 236
853 923
853 843
368 666
368 109
368 713
368 808
368 497
368 686
368 607
368 983
368 256
368 919
666 594
666 817
666 582
666 384
666 869
666 361
666 89
666 466
666 734
929 962
929 540
929 174
929 387
929 179
929 938
929 880
929 615
929 643
929 680
962 380
962 728
962 441
962 638
962 479
962 599
962 367
962 974
962 712
327 399
327 564
327 619
327 997
327 171
327 923
327 187
327 920
327 588
327 587
399 372
399 242
399 694
399 520
399 522
399 880
399 626
399 254
399 199
290 746
290 160
290 627
290 611
290 793
290 220
290 767
290 527
290 439
290 557
746 911
746 63
746 530
746 370
746 956
746 724
746 468
746 628
746 916
301 383
301 972
301 358
301 980
301 408
301 159
301 528
301 26
301 455
301 619
383 52
383 408
383 658
383 157
383 783
383 345
383 712
383 759
383 343
177 805
177 633
177 312
177 676
177 595
177 518
177 90
177 568
177 339
177 103
805 256
805 431
805 991
805 817
805 592
805 688
805 248
805 960
805 937
316 920
316 709
316 183
316 660
316 146
316 325
316 877
316 582
316 363
316 367
920 189
920 204
920 711
920 720
920 644
920 578
920 870
920 892
219 987
219 332
219 897
219 378
219 688
219 866
219 911
219 684
219 539
987 567
987 3
987 699
987 827
987 983
987 20
987 548
987 855
987 97
635 902
635 583
635 364
635 601
635 171
635 390
635 723
635 552
635 830
635 913
902 970
902 302
902 598
902 45
902 731
902 951
902 528
902 28
902 200
159 384
159 524
159 317
159 200
159 503
159 667
159 422
159 895
159 47
384 68
384 148
384 719
384 207
384 837
384 388
384 643
384 685
436 692
436 978
436 198
436 658
436 401
436 648
436 509
436 753
436 889
436 818
692 798
692 269
692 486
692 893
692 334
692 166
692 945
692 947
251 912
251 12
251 273
251 528
251 266
251 752
251 312
251 152
251 717
251 851
912 649
912 85
912 758
912 852
912 786
912 12
912 632
912 959
912 516
37 394
37 32
37 882
37 450
37 518
37 860
37 305
37 3
37 659
37 771
394 816
394 576
394 8
394 863
394 557
394 15
394 915
394 286
394 526
245 343
245 633
245 388
245 698
245 58
245 919
245 611
245 800
245 397
245 832
343 356
343 358
343 27
343 449
343 22
343 696
343 223
343 913
248 577
248 77
248 868
248 993
248 685
248 500
248 610
248 913
248 131
577 361
577 705
577 294
577 122
577 121
577 332
577 366
577 277
577 433
421 505
421 344
421 504
421 941
421 611
421 439
421 731
421 385
421 425
421 651
505 47
505 150
505 948
505 36
505 194
505 426
505 288
505 553
505 95
478 810
478 212
478 479
478 228
478 769
478 226
478 280
478 819
478 12
478 254
810 1
810 634
810 10
810 452
810 331
810 495
810 946
810 651
810 424
329 687
329 202
329 356
329 659
329 289
329 651
329 338
329 769
329 938
329 874
687 896
687 768
687 479
687 697
687 590
687 312
687 27
687 619
687 182
150 456
150 25
150 132
150 375
150 300
150 234
150 165
150 708
150 529
456 187
456 4
456 699
456 954
456 228
456 484
456 728
456 864
456 201
816 671
816 16
816 653
816 998
816 236
816 358
816 152
816 161
816 980
97 300
97 223
97 913
97 949
97 330
97 80
97 65
97 375
97 863
300 714
300 953
300 866
300 799
300 733
300 41
300 426
300 44
593 918
593 203
593 952
593 648
593 813
593 149
593 539
593 79
593 41
593 771
918 660
918 268
918 6
918 128
918 686
918 997
918 278
918 739
918 105
472 857
472 224
472 22
472 40
472 584
472 997
472 891
472 763
472 199
472 20
857 561
857 299
857 914
857 238
857 975
857 955
857 404
857 870
128 818
128 382
128 294
128 89
128 607
128 292
128 153
128 938
128 79
818 831
818 659
818 270
818 596
818 849
818 970
818 963
818 670
293 885
293 23
293 361
293 554
293 730
293 854
293 416
293 392
293 749
293 991
885 791
885 132
885 490
885 682
885 989
885 182
885 255
885 387
885 558
315 644
315 591
315 40
315 764
315 673
315 908
315 723
315 549
315 827
315 640
644 471
644 206
644 189
644 733
644 970
644 829
644 321
644 613
120 405
120 407
120 281
120 391
120 459
120 80
120 247
120 543
120 362
120 375
405 727
405 969
405 595
405 863
405 85
405 842
405 892
405 571
834 980
834 678
834 476
834 994
834 765
834 586
834 161
834 677
834 756
834 840
980 360
980 820
980 58
980 495
980 364
980 839
980 550
326 510
326 165
326 646
326 514
326 65
326 134
326 546
326 186
326 106
326 30
510 507
510 201
510 71
510 353
510 243
510 731
510 856
510 344
510 451
317 461
317 397
317 938
317 984
317 370
317 600
317 417
317 672
317 718
461 228
461 416
461 154
461 39
461 64
461 45
461 715
461 826
461 242
238 811
238 3
238 736
238 379
238 359
238 645
238 957
238 506
238 822
811 605
811 357
811 377
811 892
811 352
811 292
811 24
811 482
811 299
11 125
11 288
11 584
11 665
11 841
11 333
11 320
11 751
11 933
11 970
125 385
125 939
125 40
125 976
125 19
125 553
125 704
125 525
125 393
141 878
141 451
141 554
141 626
141 227
141 913
141 468
141 283
141 509
141 445
878 793
878 47
878 28
878 407
878 416
878 207
878 753
878 643
878 573
81 598
81 762
81 445
81 330
81 930
81 791
81 410
81 665
81 108
81 460
598 967
598 927
598 278
598 820
598 303
598 999
598 83
598 398
144 883
144 559
144 476
144 304
144 737
144 528
144 767
144 351
144 650
144 773
883 272
883 32
883 946
883 688
883 243
883 567
883 699
883 863
883 561
176 872
176 364
176 663
176 720
176 140
176 765
176 408
176 825
176 827
176 923
872 922
872 147
872 324
872 437
872 812
872 169
872 66
872 471
872 158
565 647
565 877
565 25
565 917
565 184
565 127
565 859
565 302
565 396
565 347
647 365
647 946
647 939
647 64
647 286
647 225
647 841
647 68
647 539
23 364
23 406
23 653
23 268
23 210
23 320
23 612
23 18
23 367
364 82
364 135
364 718
364 96
364 205
364 261
250 757
250 583
250 758
250 438
250 614
250 739
250 400
250 90
250 661
250 122
757 80
757 684
757 346
757 845
757 482
757 8
757 555
757 347
43 427
43 503
43 661
43 304
43 359
43 836
43 959
43 96
43 382
43 146
427 420
427 619
427 152
427 658
427 954
427 77
427 513
427 889
427 699
576 927
576 691
576 395
576 187
576 483
576 907
576 642
576 202
576 19
927 497
927 263
927 425
927 977
927 215
927 660
927 459
189 252
189 438
189 541
189 87
189 684
189 567
189 305
189 681
252 271
252 526
252 407
252 263
252 922
252 561
252 431
252 378
252 597
529 586
529 764
529 289
529 204
529 109
529 556
529 309
529 16
529 714
586 552
586 395
586 829
586 778
586 591
586 997
586 50
586 689
264 840
264 884
264 833
264 619
264 2
264 237
264 729
264 905
264 722
264 781
840 111
840 62
840 41
840 915
840 777
840 101
840 886
840 296
537 935
537 761
537 619
537 625
537 741
537 776
537 892
537 894
537 832
537 893
935 382
935 1
935 824
935 907
935 833
935 392
935 133
935 457
935 270
486 889
486 829
486 824
486 817
486 491
486 162
486 596
486 108
486 377
889 346
889 117
889 823
889 764
889 553
889 879
889 156
71 418
71 1
71 829
71 888
71 943
71 998
71 51
71 937
71 119
418 173
418 570
418 882
418 688
418 848
418 199
418 409
418 454
418 45
117 763
117 94
117 825
117 98
117 330
117 257
117 545
117 104
117 83
763 388
763 941
763 127
763 602
763 679
763 546
763 782
763 775
213 996
213 822
213 503
213 694
213 617
213 229
213 957
213 178
213 563
213 83
996 75
996 528
996 782
996 523
996 721
996 434
996 517
996 267
996 836
18 491
18 475
18 314
18 657
18 661
18 276
18 389
18 699
18 564
491 500
491 42
491 247
491 538
491 108
491 715
491 349
491 934
143 671
143 596
143 158
143 160
143 899
143 960
143 585
143 311
143 502
143 623
671 992
671 152
671 380
671 338
671 550
671 895
671 837
671 707
743 932
743 558
743 652
743 905
743 116
743 624
743 392
743 448
743 759
743 754
932 775
932 201
932 284
932 710
932 74
932 434
932 285
932 552
932 893
13 827
13 151
13 942
13 306
13 790
13 541
13 655
13 971
13 36
13 0
827 832
827 959
827 587
827 1
827 336
827 0
99 601
99 783
99 50
99 222
99 169
99 406
99 703
99 307
99 905
99 652
601 995
601 467
601 214
601 114
601 732
601 157
601 956
601 420
420 779
420 772
420 846
420 876
420 583
420 948
420 231
420 564
161 432
161 808
161 858
161 594
161 400
161 655
161 367
161 32
432 457
432 700
432 957
432 881
432 349
432 727
432 608
432 733
432 961
634 881
634 440
634 272
634 443
634 662
634 448
634 79
634 892
881 751
881 641
881 367
881 712
881 672
881 615
881 230
881 442
111 158
111 822
111 716
111 707
111 441
111 691
111 627
111 860
111 479
345 778
345 279
345 216
345 572
345 784
345 973
345 83
345 897
345 697
778 926
778 105
778 682
778 235
778 789
778 967
778 896
778 833
3 489
3 196
3 283
3 523
3 578
3 705
3 562
489 696
489 91
489 451
489 171
489 925
489 608
489 355
489 669
489 959
682 777
682 339
682 46
682 612
682 387
682 6
682 249
682 556
777 172
777 404
777 788
777 643
777 435
777 123
777 702
777 285
62 888
62 53
62 258
62 921
62 725
62 856
62 913
62 108
62 772
277 499
277 167
277 724
277 934
277 373
277 496
277 630
277 740
277 623
499 796
499 488
499 842
499 580
499 648
499 212
499 53
499 632
499 770
20 843
20 95
20 16
20 457
20 756
20 441
20 294
20 896
843 376
843 27
843 515
843 820
843 981
843 915
843 218
843 752
455 771
455 260
455 638
455 78
455 668
455 560
455 160
455 393
455 536
771 481
771 837
771 898
771 719
771 732
771 273
771 625
77 559
77 680
77 246
77 717
77 292
77 57
77 36
77 148
559 440
559 351
559 190
559 623
559 242
559 673
559 140
559 919
550 779
550 715
550 216
550 677
550 334
550 215
550 916
550 720
779 397
779 16
779 448
779 347
779 560
779 822
779 407
508 782
508 375
508 229
508 231
508 288
508 124
508 469
508 365
508 344
508 970
782 596
782 814
782 724
782 998
782 859
782 193
782 761
409 776
409 639
409 182
409 806
409 702
409 636
409 302
409 684
409 391
776 205
776 124
776 506
776 686
776 348
776 391
776 736
776 668
31 335
31 48
31 597
31 854
31 788
31 835
31 626
31 641
31 938
31 830
335 197
335 484
335 231
335 466
335 268
335 716
335 750
335 56
335 86
680 186
680 191
680 451
680 866
680 636
680 241
680 39
680 38
168 569
168 613
168 729
168 55
168 137
168 169
168 278
168 882
168 35
569 553
569 637
569 123
569 735
569 392
569 738
569 378
569 797
569 830
42 174
42 723
42 536
42 770
42 825
42 446
42 877
42 945
554 726
554 426
554 721
554 129
554 84
554 573
554 14
554 696
726 480
726 695
726 466
726 49
726 0
726 192
726 831
726 363
726 675
397 955
397 306
397 710
397 504
397 979
397 618
397 254
116 500
116 126
116 318
116 12
116 113
116 704
116 209
116 149
116 943
500 255
500 21
500 979
500 547
500 313
500 371
500 350
522 959
522 752
522 947
522 984
522 544
522 801
522 862
522 974
522 415
959 5
959 215
959 371
959 738
959 953
365 975
365 898
365 858
365 403
365 487
365 784
365 164
365 839
975 875
975 835
975 63
975 974
975 197
975 949
975 185
975 752
239 570
239 681
239 676
239 731
239 986
239 794
239 798
239 716
239 597
239 269
570 623
570 138
570 928
570 842
570 105
570 184
570 484
570 640
258 620
258 828
258 944
258 627
258 578
258 936
258 66
258 678
258 561
620 708
620 835
620 606
620 495
620 742
620 931
620 233
620 261
620 542
596 844
596 791
596 216
596 29
596 742
596 492
844 864
844 359
844 174
844 668
844 519
844 100
844 86
844 538
307 741
307 64
307 296
307 292
307 70
307 873
307 646
307 243
307 861
741 479
741 567
741 836
741 919
741 831
741 121
741 334
741 926
158 389
158 798
158 476
158 183
158 38
158 728
158 151
389 903
389 171
389 233
389 362
389 502
389 618
389 439
199 390
199 253
199 998
199 733
199 242
199 413
199 575
390 941
390 986
390 96
390 721
390 465
390 832
390 447
390 517
589 841
589 309
589 90
589 831
589 108
589 255
589 284
589 664
589 446
589 916
841 208
841 344
841 655
841 971
841 845
841 863
841 254
181 750
181 578
181 265
181 34
181 342
181 533
181 511
181 755
181 504
181 706
750 190
750 730
750 571
750 26
750 203
750 48
750 451
750 639
286 803
286 563
286 730
286 179
286 183
286 416
286 135
286 735
803 533
803 378
803 819
803 541
803 531
803 133
803 340
803 115
803 535
234 613
234 619
234 867
234 359
234 983
234 169
234 214
234 639
234 748
613 45
613 465
613 798
613 645
613 152
613 463
613 752
426 930
426 313
426 545
426 977
426 536
426 773
426 289
808 942
808 764
808 174
808 677
808 136
808 145
808 943
808 207
49 338
49 29
49 434
49 931
49 184
49 417
49 282
49 268
49 712
338 47
338 846
338 707
338 348
338 832
338 162
338 888
375 497
375 945
375 256
375 188
375 702
375 299
325 916
325 711
325 759
325 521
325 336
325 685
325 30
325 985
325 679
916 740
916 830
916 907
916 205
916 624
916 222
429 744
429 979
429 246
429 571
429 652
429 766
429 133
429 982
744 123
744 780
744 590
744 839
744 208
744 823
744 770
744 115
744 925
129 223
129 520
129 68
129 854
129 473
129 220
129 895
129 708
129 842
223 377
223 359
223 911
223 541
223 476
223 592
223 395
160 886
160 716
160 21
160 873
160 303
160 231
160 541
406 608
406 222
406 413
406 417
406 253
406 826
406 823
406 450
470 637
470 502
470 653
470 703
470 458
470 706
470 627
470 950
470 89
637 860
637 928
637 479
637 679
637 976
637 984
637 893
637 880
288 783
288 140
288 121
288 579
288 94
288 759
288 321
52 60
52 64
52 178
52 488
52 656
52 209
52 151
52 940
52 995
60 951
60 93
60 372
60 493
60 860
60 351
60 232
60 977
60 845
871 917
871 850
871 723
871 968
871 41
871 469
871 890
871 798
871 494
871 981
917 799
917 725
917 948
917 675
917 439
917 993
917 41
917 291
396 809
396 749
396 236
396 790
396 366
396 950
396 402
396 170
396 995
809 369
809 433
809 378
809 604
809 715
809 511
809 188
809 725
809 542
583 977
583 591
583 793
583 795
583 295
583 400
583 202
16 524
16 825
16 324
16 178
16 101
16 643
524 442
524 121
524 224
524 417
524 21
524 751
524 358
524 737
591 520
591 322
591 891
591 662
591 308
591 887
591 73
497 568
497 165
497 984
497 263
497 210
497 954
497 714
568 663
568 134
568 587
568 936
568 870
568 621
568 921
568 256
480 924
480 274
480 706
480 193
480 454
480 137
480 263
480 604
480 610
924 182
924 9
924 337
924 105
924 76
924 87
924 948
924 75
924 875
562 697
562 631
562 10
562 169
562 282
562 985
562 887
562 448
562 838
697 758
697 230
697 152
697 597
697 22
697 493
697 797
73 240
73 615
73 846
73 859
73 232
73 14
73 4
73 766
73 579
240 351
240 714
240 640
240 382
240 320
240 630
240 913
240 556
240 549
279 713
279 210
279 895
279 686
279 580
279 494
279 487
279 794
279 221
759 982
759 798
759 963
759 582
759 447
759 458
982 670
982 220
982 476
982 261
982 592
982 443
982 712
982 765
344 474
344 665
344 535
344 200
344 897
344 819
474 656
474 246
474 174
474 555
474 986
474 477
474 50
474 967
474 525
850 438
850 162
850 458
850 625
850 1
850 361
850 653
850 123
835 977
835 173
835 295
835 246
835 468
835 241
835 791
977 98
977 678
977 449
977 224
977 584
439 519
439 813
439 333
439 847
439 33
439 308
519 437
519 142
519 8
519 543
519 115
519 24
519 526
519 451
274 940
274 851
274 105
274 921
274 837
274 100
274 781
274 873
274 494
940 485
940 56
940 459
940 581
940 249
940 451
940 162
940 690
442 704
442 433
442 78
442 767
442 323
442 582
442 381
442 247
75 855
75 657
75 971
75 172
75 163
75 328
75 79
75 447
532 646
532 209
532 435
532 599
532 76
532 445
532 475
532 373
532 910
646 215
646 937
646 224
646 374
646 255
646 445
761 107
761 642
761 443
761 246
761 487
761 253
761 281
761 662
435 484
435 587
435 350
435 509
435 561
435 628
435 127
435 261
484 787
484 768
484 331
484 928
484 89
484 490
930 861
930 802
930 272
930 611
930 548
930 59
930 191
930 954
587 595
587 367
587 948
587 760
587 347
76 551
76 19
76 410
76 669
76 838
76 819
76 138
76 303
551 289
551 170
551 135
551 263
551 884
551 401
551 39
551 374
551 802
822 890
822 837
822 78
822 188
822 753
822 257
736 826
736 95
736 991
736 806
736 496
736 50
736 112
826 217
826 795
826 59
826 87
826 734
826 45
826 58
152 546
152 133
152 691
152 28
546 506
546 12
546 107
546 7
546 880
546 2
546 154
193 318
193 923
193 372
193 673
193 178
193 404
193 652
318 147
318 747
318 5
318 804
318 504
318 814
318 802
318 112
289 893
289 63
289 751
289 632
289 151
289 273
428 602
428 643
428 887
428 581
428 438
428 574
428 10
428 74
428 863
428 167
602 164
602 267
602 768
602 542
602 574
602 385
602 119
602 592
515 719
515 893
515 945
515 925
515 302
515 198
515 603
515 847
515 477
719 542
719 131
719 662
719 350
719 669
719 877
719 47
188 361
188 855
188 280
188 632
188 882
188 571
188 907
361 69
361 864
361 545
361 425
361 30
768 936
768 194
768 774
768 118
768 764
768 590
936 632
936 890
936 814
936 233
936 727
936 767
936 207
595 138
595 228
595 203
595 907
595 391
595 494
595 525
30 677
30 830
30 713
30 525
30 217
30 947
30 693
677 747
677 503
677 650
677 377
677 953
677 961
65 146
65 337
65 64
65 825
65 545
65 485
65 110
65 408
146 308
146 981
146 257
146 382
146 492
146 547
146 273
92 774
92 584
92 386
92 762
92 378
92 437
92 978
92 231
92 341
92 785
774 852
774 590
774 284
774 448
774 121
774 149
774 101
774 102
356 580
356 299
356 766
356 305
356 998
356 668
356 742
356 166
469 495
469 444
469 360
469 82
469 1
469 574
469 306
469 555
495 101
495 992
495 516
495 813
495 723
495 45
388 772
388 260
388 35
388 91
388 859
388 973
388 594
772 580
772 941
772 183
772 588
772 280
772 306
772 890
208 638
208 642
208 323
208 734
208 615
208 984
208 149
208 94
87 780
87 581
87 710
87 261
87 518
87 137
87 614
780 753
780 711
780 53
780 775
780 950
780 501
780 525
780 931
619 70
619 955
619 33
55 976
55 485
55 610
55 678
55 528
55 704
55 952
55 7
55 862
976 230
976 722
976 256
976 650
976 688
976 48
976 966
825 894
825 233
825 696
825 764
825 19
894 453
894 66
894 651
894 341
894 964
894 414
894 465
894 50
84 896
84 80
84 706
84 332
84 342
84 574
84 994
84 182
84 549
896 304
896 96
896 163
896 617
896 662
896 476
29 960
29 382
29 626
29 22
29 82
29 262
29 614
29 802
960 157
960 864
960 978
960 963
960 170
960 260
960 25
492 721
492 702
492 812
492 217
492 622
492 694
492 973
492 323
721 773
721 422
721 625
721 477
721 53
721 700
5 337
5 446
5 643
5 139
5 304
5 983
5 483
5 967
337 236
337 690
337 695
337 684
337 255
337 909
337 898
165 385
165 103
165 433
165 663
165 986
165 183
165 270
362 611
362 660
362 185
362 760
362 755
362 997
362 35
362 261
611 934
611 799
611 752
611 413
611 832
475 488
475 246
475 438
475 900
475 36
475 718
475 832
475 351
488 255
488 790
488 477
488 712
488 573
488 157
488 592
641 965
641 172
641 196
641 937
641 8
641 9
641 838
641 785
965 952
965 194
965 627
965 561
965 540
965 311
965 294
965 538
965 68
832 903
832 94
832 70
627 67
627 800
627 955
627 79
627 322
783 78
783 142
783 438
783 445
783 229
783 946
783 400
923 46
923 511
923 752
923 482
923 789
923 640
549 558
549 738
549 247
549 220
549 534
549 597
549 319
558 381
558 610
558 910
558 597
558 946
558 884
260 954
260 701
260 906
260 534
260 27
260 531
260 909
955 504
955 652
955 320
955 451
955 198
955 656
545 608
545 909
545 21
545 572
545 994
506 861
506 632
506 618
506 525
506 956
506 848
506 527
861 704
861 444
861 717
861 123
861 39
861 69
861 567
632 636
632 387
632 179
632 713
791 332
791 584
791 829
791 567
791 153
791 449
136 281
136 514
136 114
136 218
136 638
136 926
136 877
136 624
136 785
281 164
281 573
281 203
281 922
281 411
281 540
281 101
86 689
86 629
86 431
86 552
86 855
86 676
86 398
86 214
689 931
689 483
689 392
689 804
689 722
689 108
689 4
689 831
191 742
191 867
191 713
191 703
191 526
191 706
191 211
191 186
742 766
742 604
742 813
742 915
742 535
742 414
553 94
553 523
553 837
553 706
553 346
553 310
64 112
64 907
64 102
64 139
64 557
112 599
112 594
112 46
112 703
112 945
112 210
112 798
74 571
74 700
74 739
74 673
74 171
74 346
74 457
74 98
571 287
571 701
571 282
571 341
571 540
287 386
287 309
287 511
287 366
287 990
287 22
287 348
287 954
287 501
479 195
479 349
479 424
479 353
588 913
588 178
588 261
588 321
588 683
588 328
588 101
588 990
913 212
913 413
230 360
230 784
230 342
230 642
230 690
230 254
230 295
670 905
670 237
670 836
670 61
670 336
670 648
670 69
670 523
265 933
265 308
265 849
265 105
265 544
265 449
265 453
265 270
265 452
933 295
933 10
933 202
933 848
933 346
933 423
933 140
933 54
631 56
631 807
631 875
631 268
631 413
631 358
631 482
631 648
631 417
727 735
727 170
727 460
727 204
727 914
727 167
727 340
735 119
735 995
735 269
735 838
735 166
735 817
735 139
351 684
351 229
351 893
351 884
351 578
107 431
107 877
107 749
107 806
107 222
107 28
107 903
107 700
520 517
520 145
520 386
520 355
520 27
520 387
520 415
597 625
597 657
597 382
597 950
625 82
625 372
625 717
625 615
625 831
349 523
349 823
349 928
349 21
349 610
349 412
349 212
523 828
523 781
523 667
523 849
523 864
164 477
164 954
164 648
164 652
164 684
164 939
164 993
477 740
477 999
477 417
477 306
477 909
458 695
458 221
458 145
458 867
458 133
458 717
458 954
695 665
695 370
695 712
695 441
695 684
695 202
695 341
407 963
407 642
407 121
407 766
407 755
407 544
534 690
534 566
534 544
534 821
534 880
534 93
534 882
534 72
690 566
690 717
690 673
690 563
690 314
690 380
295 33
295 914
295 969
295 95
295 580
295 993
372 493
372 124
372 718
372 968
372 185
69 585
69 963
69 14
69 440
69 424
69 58
69 863
113 404
113 443
113 685
113 139
113 622
113 732
113 991
113 4
113 56
404 184
404 906
404 765
404 355
404 115
404 190
173 787
173 655
173 24
173 410
173 21
173 754
173 50
173 14
941 226
941 310
941 594
941 332
941 131
941 142
528 244
528 786
528 70
528 706
714 603
714 756
714 155
714 836
714 972
714 610
709 538
709 992
709 374
709 921
709 848
709 845
709 737
709 80
473 952
473 39
473 163
473 44
473 485
473 603
473 849
473 229
473 172
952 170
952 147
952 650
952 363
952 781
952 296
126 200
126 556
126 795
126 961
126 536
126 417
126 824
126 45
126 454
942 781
942 922
942 309
942 864
942 106
942 898
942 445
942 607
137 185
137 123
137 485
137 854
137 78
137 235
137 623
185 769
185 355
185 487
185 502
185 57
185 792
9 710
9 679
9 685
9 851
9 39
9 661
9 32
9 471
710 614
710 732
710 131
710 790
710 518
710 104
138 698
138 90
138 145
138 796
138 665
138 794
138 352
237 308
237 402
237 793
237 527
237 784
237 994
237 446
237 27
308 410
308 544
308 341
308 221
308 215
179 303
179 498
179 147
179 590
179 4
179 828
303 459
303 171
303 703
303 694
303 865
303 812
511 547
511 852
511 156
511 728
511 730
547 496
547 54
547 830
547 518
547 175
547 331
547 48
416 660
416 280
416 946
416 12
416 51
416 533
660 533
660 58
660 606
660 560
660 654
624 838
624 882
624 249
624 789
624 672
624 310
624 468
838 985
838 417
838 886
838 464
838 993
622 765
622 633
622 705
622 354
622 465
622 981
622 441
622 66
765 411
765 450
765 27
765 446
765 696
118 737
118 526
118 54
118 630
118 216
118 868
118 485
118 610
118 423
737 314
737 905
737 104
737 564
737 817
737 39
594 604
594 968
594 518
594 437
594 53
249 668
249 848
249 465
249 153
249 197
249 354
668 753
668 210
668 928
668 796
668 273
381 259
381 539
381 282
381 514
381 997
381 332
381 283
381 748
605 717
605 820
605 225
605 119
605 931
605 518
605 444
605 566
605 645
717 807
717 784
717 284
32 334
32 217
32 922
32 376
32 600
32 355
339 114
339 626
339 802
339 606
339 891
339 354
339 400
339 89
517 725
517 971
517 212
517 385
517 770
517 672
725 981
725 910
725 969
725 204
725 155
725 211
341 728
341 974
341 654
341 949
341 496
728 103
728 699
728 729
728 694
728 968
563 905
563 702
563 636
563 557
563 521
563 802
563 560
564 385
564 683
564 340
564 846
564 166
564 313
192 376
192 434
192 669
192 967
192 582
192 465
192 447
192 207
192 893
376 947
376 215
376 196
376 753
376 618
376 108
376 232
357 443
357 988
357 58
357 481
357 33
357 236
357 53
357 453
357 139
443 580
443 102
443 333
443 178
443 54
174 507
174 753
174 110
174 452
174 873
507 701
507 672
507 921
507 268
507 460
507 88
507 592
507 131
663 200
663 755
663 104
663 734
663 740
663 729
663 14
347 664
347 224
347 681
347 740
347 214
347 703
664 24
664 463
664 91
664 915
664 815
664 949
664 865
664 398
306 46
306 247
306 734
306 227
306 25
256 431
256 675
256 197
256 273
256 6
82 723
82 348
82 724
82 403
82 683
82 190
380 548
380 471
380 354
380 457
380 386
380 449
380 119
451 244
451 944
134 263
134 999
134 504
134 922
134 437
134 907
134 968
134 147
263 14
263 669
263 363
263 182
852 910
852 17
852 214
852 61
852 748
852 386
852 282
633 541
633 26
633 888
633 231
633 27
633 865
633 292
321 503
321 156
321 88
321 452
321 657
321 711
321 655
503 197
503 38
503 521
503 471
503 688
978 302
978 149
978 58
978 153
978 284
978 525
978 527
903 749
903 928
903 773
903 371
903 211
903 218
911 493
911 655
911 402
911 34
911 873
911 575
911 194
242 331
242 898
242 711
242 950
242 858
242 716
331 956
331 630
331 6
331 796
331 98
331 419
533 270
533 447
533 789
533 536
533 967
533 540
285 701
285 51
285 636
285 618
285 259
285 734
285 275
285 599
701 793
701 91
701 85
701 119
701 454
701 403
40 870
40 212
40 984
40 482
40 464
40 334
40 393
870 747
870 636
870 96
870 790
870 616
870 943
860 271
860 122
860 653
860 604
860 681
860 309
90 233
90 292
90 657
90 738
90 971
90 676
233 392
233 574
233 197
233 132
233 531
575 921
575 555
575 272
575 453
575 892
575 953
575 106
575 353
921 15
921 464
921 957
921 140
552 937
552 342
552 204
552 145
552 904
552 639
937 476
937 95
937 444
937 849
937 679
371 862
371 908
371 789
371 542
371 401
371 539
371 579
862 280
862 214
862 151
862 875
862 145
862 4
862 994
63 374
63 981
63 433
63 531
63 884
63 450
63 751
884 926
884 444
884 513
884 700
884 900
542 865
542 667
542 204
542 956
542 654
865 46
865 847
865 333
865 672
865 48
555 994
555 919
555 218
555 169
555 292
555 314
178 572
178 21
178 502
178 854
95 819
95 988
95 957
95 851
95 908
819 592
819 269
819 312
819 839
819 789
585 683
585 863
585 103
585 459
585 673
585 410
585 262
585 824
683 68
683 581
683 951
683 992
683 983
70 762
70 110
70 851
70 642
70 270
762 68
762 83
762 124
762 35
762 824
762 98
762 211
919 973
919 790
919 80
919 342
919 395
973 566
973 481
973 123
973 656
973 269
973 876
516 704
516 893
516 514
516 876
516 198
516 703
516 359
516 718
704 115
704 899
704 712
704 770
10 78
10 333
10 257
10 802
10 58
10 2
78 849
78 167
78 498
78 866
212 83
212 688
212 813
212 681
992 67
992 830
992 175
992 795
992 468
992 302
828 909
828 807
828 175
828 352
828 789
828 299
828 525
167 412
167 425
167 422
167 604
167 53
167 496
412 983
412 800
412 359
412 733
412 21
412 0
412 659
412 190
590 888
590 106
590 246
590 46
590 204
764 490
764 527
764 447
764 990
312 961
312 4
312 739
312 972
312 133
312 906
196 839
196 869
196 739
196 369
196 626
196 91
196 414
254 946
254 444
254 4
254 958
254 892
946 993
946 422
946 947
360 79
360 22
360 531
360 656
360 713
360 785
360 220
175 653
175 707
175 324
175 207
175 291
175 658
175 541
653 734
653 202
653 454
653 266
202 261
202 797
202 438
202 953
261 794
261 294
154 715
154 235
154 755
154 999
154 24
154 616
154 985
154 859
715 793
715 210
715 419
715 19
715 796
898 434
898 100
898 104
898 296
898 247
425 747
425 815
425 494
425 291
425 102
425 600
358 255
358 149
358 567
358 798
358 366
170 476
170 530
170 910
170 691
333 309
333 184
333 422
333 732
333 471
328 908
328 820
328 448
328 447
328 986
328 794
328 851
328 855
908 184
908 616
908 235
908 58
908 599
908 148
186 790
186 849
186 730
186 949
186 200
186 369
186 934
109 433
109 66
109 182
109 934
109 15
109 970
109 879
109 951
433 96
433 543
433 817
433 951
348 449
348 875
348 789
348 733
348 669
348 699
449 450
449 572
449 814
449 985
34 259
34 393
34 210
34 614
34 541
34 494
34 716
259 236
259 540
259 463
259 6
259 599
259 467
259 12
121 672
121 122
121 353
121 769
672 891
672 467
672 801
334 969
334 355
334 703
334 984
206 221
206 205
206 888
206 110
206 874
206 171
206 675
206 367
206 543
221 891
221 691
221 124
221 617
221 995
221 541
135 691
135 681
135 56
135 915
135 91
135 413
135 322
691 792
691 874
691 228
691 454
649 525
649 57
649 140
649 972
649 311
649 886
649 246
649 363
649 132
578 966
578 658
578 227
578 797
578 244
255 981
255 904
255 875
182 22
182 272
182 437
438 621
438 760
438 17
621 775
621 266
621 638
621 324
621 639
621 755
621 483
621 366
450 723
450 124
450 707
450 322
450 615
459 909
459 366
459 311
459 934
459 93
909 59
909 457
909 873
909 526
153 573
153 823
153 493
153 795
153 665
573 798
573 790
573 897
573 448
573 61
103 227
103 229
103 231
103 886
103 899
103 44
227 579
227 651
227 708
227 6
227 979
227 839
393 793
393 770
393 893
393 640
393 626
393 815
88 858
88 490
88 66
88 401
88 411
88 33
88 931
88 799
858 122
858 892
858 731
858 983
858 675
858 807
33 693
33 800
33 236
33 950
33 322
693 410
693 696
693 411
693 661
693 57
693 540
693 21
693 786
1 180
1 964
1 998
747 638
747 481
747 824
747 377
747 521
465 471
465 464
465 801
465 969
471 580
471 17
471 369
928 947
928 359
928 169
928 466
514 895
514 650
514 705
514 304
514 496
514 748
162 820
162 145
162 155
162 541
162 147
162 958
820 201
820 603
820 195
820 997
215 654
215 8
215 943
215 434
926 336
926 968
926 419
926 157
926 124
926 988
25 643
25 398
25 678
25 53
25 618
25 217
643 557
643 799
80 531
80 102
80 270
80 151
122 760
122 93
122 636
122 102
122 874
200 815
200 751
200 149
200 849
954 35
954 661
882 848
882 320
882 956
882 756
708 395
708 807
708 222
708 216
708 890
708 543
431 267
431 101
431 72
431 839
27 608
27 711
608 17
608 612
608 548
608 291
608 665
292 848
292 986
678 211
678 229
678 785
678 481
678 222
665 804
665 513
665 876
352 785
352 66
352 513
352 702
352 79
352 190
352 538
785 716
785 948
785 110
785 231
195 313
195 304
195 707
195 66
195 812
195 895
195 752
195 886
313 700
313 127
313 751
313 166
313 748
313 607
217 387
217 799
217 350
217 224
217 172
291 775
291 945
291 866
291 101
291 324
291 661
775 806
775 94
775 124
775 856
775 951
156 419
156 667
156 350
156 297
156 662
156 787
156 957
157 243
157 311
157 89
157 854
157 669
854 888
854 402
854 132
854 322
888 26
888 197
888 604
773 464
773 139
773 457
773 19
773 669
793 582
793 446
793 114
751 452
751 538
751 842
402 498
402 105
402 127
402 890
402 887
402 679
498 466
498 876
498 812
498 548
498 603
498 949
498 332
355 423
355 187
355 296
355 378
423 799
423 247
423 718
423 93
423 944
423 481
423 685
272 948
272 752
272 22
272 904
272 93
38 487
38 437
38 797
38 799
38 187
38 730
38 615
487 931
487 266
487 464
487 636
487 340
183 738
183 988
183 413
183 527
183 629
496 415
496 385
496 207
496 794
476 85
476 925
963 207
963 44
963 539
963 623
963 166
85 48
85 398
85 411
85 787
85 210
85 815
267 730
267 833
267 846
267 56
267 280
267 994
267 241
758 897
758 310
758 127
758 468
758 57
758 463
758 794
897 194
897 224
897 39
897 536
897 616
271 354
271 369
271 837
271 224
271 61
271 225
271 560
271 269
197 754
197 297
197 905
353 848
353 460
353 246
353 244
353 163
353 437
848 720
848 336
513 837
513 278
513 26
513 392
513 866
513 214
837 278
837 91
966 387
966 579
966 467
966 485
966 830
966 464
966 379
966 330
163 724
163 66
163 79
163 700
163 629
724 457
724 944
724 531
724 849
724 718
612 964
612 662
612 155
612 7
612 755
612 979
612 584
964 945
964 659
964 823
964 434
964 211
964 648
964 35
799 310
799 868
905 266
905 539
905 626
68 342
68 132
68 369
68 232
342 15
342 115
342 968
342 972
386 536
386 892
386 463
386 789
386 414
59 148
59 323
59 340
59 694
59 51
59 445
59 50
22 990
22 244
990 681
990 41
990 640
990 408
990 873
990 115
0 679
0 243
0 876
0 350
0 572
0 464
679 733
679 201
679 370
151 582
151 753
151 257
151 615
582 662
582 56
582 110
392 448
392 132
392 986
969 628
969 266
969 147
969 675
969 26
482 867
482 915
482 712
482 538
482 309
867 391
867 28
867 275
867 821
867 374
867 15
172 748
172 756
172 419
172 535
172 536
457 26
457 454
526 127
526 374
526 187
526 879
798 914
403 91
403 989
403 194
403 419
403 124
403 363
403 702
540 986
540 561
540 890
46 579
46 132
46 241
46 282
579 304
579 654
579 324
579 686
931 89
931 211
931 401
642 968
642 490
642 675
642 296
945 991
945 566
945 731
991 330
991 47
991 813
991 790
991 216
6 483
6 658
6 262
6 732
483 755
483 869
483 180
483 253
483 275
886 629
886 944
886 813
886 560
914 311
914 899
914 616
914 702
914 629
914 944
131 599
131 961
131 700
131 2
131 993
599 319
599 956
599 184
2 485
2 282
2 823
2 836
2 706
2 243
485 999
485 972
658 4
658 847
658 222
658 948
209 899
209 148
209 275
209 572
209 943
209 373
209 198
766 72
766 749
766 958
766 56
766 437
194 283
194 268
194 91
194 988
749 890
749 784
749 630
749 481
749 15
890 415
890 424
41 899
41 446
41 654
41 214
220 253
220 934
220 309
220 414
220 698
253 995
253 169
253 419
253 203
253 314
224 441
224 863
790 229
205 846
205 949
205 401
205 638
205 28
205 299
548 904
548 410
548 14
548 385
548 659
47 801
47 981
47 720
47 836
302 266
302 7
302 958
667 796
667 155
667 198
667 147
667 401
15 294
15 781
15 760
15 792
12 623
12 974
12 839
623 869
623 398
623 856
655 729
655 216
655 340
655 155
729 155
729 280
729 847
729 104
729 367
278 133
278 140
278 232
278 226
278 639
226 323
226 359
226 899
226 659
226 971
226 535
226 900
323 707
323 944
323 801
323 572
323 629
149 652
149 949
149 148
190 807
190 910
190 535
190 67
864 645
864 629
864 463
864 466
468 731
468 8
468 447
468 502
731 72
731 645
452 866
452 804
452 851
452 229
452 823
229 784
796 521
796 123
796 684
796 821
39 310
39 494
437 698
997 630
997 460
711 879
711 102
711 535
711 629
879 266
879 539
879 614
879 856
879 686
879 244
769 282
769 639
769 738
769 845
769 915
769 336
833 309
833 422
833 276
833 225
833 630
833 61
266 544
266 700
19 502
19 787
19 925
19 273
309 370
656 767
656 705
656 415
656 45
656 382
938 198
938 675
938 124
938 142
938 57
606 812
606 466
606 115
606 218
606 401
606 346
606 815
812 814
812 925
812 600
812 207
101 618
101 797
947 957
947 184
947 142
947 235
377 705
377 509
377 401
377 460
377 35
453 839
453 319
453 557
453 106
453 539
453 543
839 531
539 241
284 521
284 756
284 370
284 972
284 650
675 892
675 957
580 738
580 906
580 958
225 544
225 801
225 716
225 257
225 754
225 501
544 100
544 54
544 501
767 610
767 817
767 8
767 994
767 995
382 855
382 648
45 831
45 527
466 722
466 231
466 787
314 873
314 607
314 35
314 949
314 984
203 906
203 716
203 531
203 696
203 688
906 895
906 54
906 262
906 94
906 698
332 720
332 707
332 939
385 979
385 607
948 454
374 722
374 972
374 445
374 755
51 283
51 760
51 866
51 61
51 294
51 56
283 846
283 207
283 57
283 821
283 89
422 336
422 198
422 944
422 142
114 139
114 795
114 603
114 527
114 408
114 17
17 408
17 630
17 297
17 915
231 140
67 614
67 925
67 50
67 638
67 36
67 96
67 628
614 415
614 821
614 681
738 247
738 556
738 235
855 391
855 330
855 705
855 444
971 951
971 716
971 346
971 806
974 756
974 705
974 821
974 538
974 760
363 504
363 359
363 904
363 166
504 216
504 211
410 502
410 366
410 235
753 543
753 378
681 592
681 83
218 530
218 395
218 369
218 89
218 600
530 795
530 204
530 228
530 518
530 703
530 900
530 875
979 823
979 108
979 379
979 807
66 106
444 806
444 797
444 557
198 887
198 110
910 415
910 617
910 297
705 685
705 925
694 139
694 821
694 572
694 989
814 698
814 419
814 106
814 119
814 494
995 518
995 411
235 600
235 566
235 676
391 821
391 322
391 900
391 891
821 28
821 847
408 662
408 257
408 379
752 270
829 319
829 845
829 201
829 787
829 925
241 998
241 626
241 904
241 411
241 836
998 813
998 441
998 493
139 210
139 8
696 398
696 648
696 115
525 801
842 999
842 880
842 275
842 754
842 83
999 617
999 880
999 297
999 958
446 770
446 243
446 280
770 788
770 856
366 481
366 521
366 639
481 953
481 127
448 273
448 887
604 661
604 395
604 44
115 527
538 859
538 607
722 640
722 616
722 171
722 211
722 880
346 754
346 311
346 244
216 904
216 509
784 490
784 603
784 440
246 509
730 661
730 501
730 907
464 830
464 463
846 989
846 370
846 640
720 651
720 424
720 956
720 876
651 319
651 415
651 688
651 132
792 845
792 324
792 804
792 817
792 988
792 411
792 968
56 276
148 96
148 806
148 786
148 140
171 48
171 630
603 800
603 806
603 96
800 567
800 166
800 645
800 557
800 110
50 567
50 417
100 859
100 836
100 536
100 760
100 320
100 322
859 105
859 868
859 133
378 673
378 732
440 891
440 988
440 845
440 142
440 304
440 824
986 201
986 873
493 415
493 379
493 574
493 441
201 788
201 895
387 35
387 876
387 939
951 8
951 556
951 880
373 994
373 989
373 83
373 330
373 972
373 961
373 127
994 367
557 262
557 877
521 616
521 94
521 228
535 424
535 330
247 868
247 48
868 607
868 733
868 400
868 807
868 795
934 54
934 299
934 142
863 536
304 760
304 869
319 180
319 847
319 815
319 676
319 856
91 560
787 106
787 297
787 943
24 654
24 845
24 900
24 877
24 72
618 463
618 556
618 560
662 574
831 310
831 600
831 807
895 876
26 282
26 645
54 899
54 257
21 340
155 856
155 817
155 739
629 411
629 447
210 145
184 180
184 454
566 398
566 543
566 501
566 36
145 214
145 804
968 847
807 815
369 989
369 654
369 993
873 989
801 36
801 556
801 228
984 939
984 354
7 699
7 958
7 900
7 460
7 581
7 944
699 781
699 93
294 869
294 96
294 581
14 823
14 296
509 740
509 275
509 424
981 104
981 781
44 584
44 748
44 985
44 98
44 650
652 104
652 592
652 169
411 686
915 754
270 297
270 723
57 654
57 794
57 989
654 943
354 490
354 414
354 600
354 874
367 802
147 395
147 398
880 276
268 958
268 94
268 874
958 243
958 222
441 657
441 413
657 985
657 110
657 180
657 370
640 956
640 813
280 581
280 628
904 501
904 645
706 628
706 740
204 970
204 754
415 950
502 950
502 972
967 789
967 922
967 610
967 874
417 434
434 869
434 340
320 501
320 490
320 989
501 379
501 659
899 574
899 698
336 445
336 561
336 866
445 824
180 244
180 734
180 961
180 400
180 467
617 985
617 723
617 718
617 669
222 276
222 269
89 140
567 638
187 939
187 875
187 232
187 133
795 350
795 788
4 262
877 944
877 685
700 869
127 232
244 953
244 269
988 305
988 467
988 748
698 494
698 849
83 467
817 900
922 370
922 581
922 739
847 676
847 424
639 645
639 211
891 661
891 572
891 970
79 900
79 685
123 592
781 581
781 788
607 961
607 72
556 686
556 324
8 108
296 794
296 414
296 939
874 957
874 676
874 560
957 61
830 869
35 786
961 58
961 561
72 454
72 786
72 900
350 236
350 628
379 305
379 688
379 788
876 490
676 310
676 630
648 659
305 104
305 707
305 297
305 142
460 925
460 733
460 98
610 494
669 802
228 659
228 584
243 310
713 600
713 490
713 718
713 755
310 970
970 650
673 275
673 401
673 856
786 650
786 638
786 370
628 467
628 93
628 414
232 740
232 707
232 467
740 273
740 866
236 788
236 985
584 756
584 311
119 166
119 788
119 887
166 322
574 989
574 98
28 815
28 133
28 650
815 36
106 297
106 732
105 214
105 53
132 636
813 985
330 739
330 794
875 395
875 734
943 804
943 413
322 869
572 887
887 983
953 739
953 703
953 684
102 615
102 993
102 275
257 413
257 400
561 754
733 797
760 340
398 560
685 282
94 276
615 806
447 754
723 802
311 98
311 527
616 732
616 836
616 824
732 299
518 36
108 61
756 276
756 983
395 273
142 276
797 275
797 993
110 262
269 48
269 276
856 340
636 748
297 424
983 907
806 804
824 851
98 414
939 702
463 299
463 262
324 804
324 686
581 845
299 949
543 950
600 93
262 48
262 400
275 734
907 61
61 851
851 424
419 739
419 686
104 53
531 400
702 36
712 414
645 718
