100 0 99
16 84
16 64
16 26
16 44
16 71
16 48
16 57
16 34
16 9
16 4
84 74
84 61
84 33
84 28
84 20
84 27
84 70
84 71
84 54
7 26
7 81
7 48
7 25
7 43
7 14
7 93
7 92
7 59
7 36
26 81
26 76
26 53
26 56
26 9
26 78
26 15
26 35
36 71
36 10
36 56
36 51
36 33
36 46
36 55
36 73
36 41
71 15
71 29
71 2
71 68
71 95
71 90
71 76
29 32
29 50
29 45
29 40
29 66
29 42
29 5
29 79
29 22
32 69
32 21
32 39
32 81
32 99
32 53
32 57
32 70
32 10
47 80
47 33
47 51
47 15
47 78
47 49
47 27
47 8
47 95
47 90
80 77
80 89
80 12
80 15
80 34
80 88
80 82
80 91
80 0
0 5
0 98
0 8
0 35
0 12
0 82
0 99
0 61
0 11
5 69
5 41
5 63
5 1
5 15
5 24
5 98
5 93
8 18
8 2
8 41
8 40
8 49
8 21
8 62
8 34
18 86
18 95
18 57
18 75
18 34
18 12
18 78
18 4
18 55
50 53
50 27
50 88
50 74
50 96
50 59
50 77
50 15
50 48
28 94
28 3
28 14
28 1
28 20
28 93
28 83
28 2
28 49
94 39
94 23
94 25
94 48
94 19
94 38
94 66
94 52
94 44
9 90
9 67
9 89
9 56
9 23
9 35
9 68
9 86
90 31
90 12
90 23
90 13
90 68
90 44
90 66
42 96
42 31
42 89
42 40
42 70
42 65
42 4
42 49
42 19
96 65
96 95
96 19
96 44
96 54
96 6
96 66
96 17
21 73
21 22
21 81
21 19
21 44
21 39
21 56
21 4
73 43
73 24
73 27
73 30
73 72
73 34
73 67
73 79
10 31
10 40
10 48
10 57
10 43
10 38
10 55
10 77
33 12
33 83
33 82
33 76
33 30
33 66
33 34
31 86
31 2
31 79
31 25
31 60
31 45
31 20
86 61
86 89
86 19
86 41
86 44
86 64
86 91
3 15
3 24
3 46
3 59
3 13
3 44
3 72
3 52
3 56
15 1
15 78
15 87
24 74
24 60
24 23
24 57
24 75
24 43
24 11
12 91
12 77
12 81
12 37
12 78
91 27
91 60
91 79
91 35
91 38
91 92
91 41
22 37
22 88
22 92
22 45
22 54
22 17
22 75
22 52
37 6
37 99
37 76
37 61
37 65
37 74
37 51
37 40
69 76
69 85
69 98
69 65
69 49
69 63
69 20
69 4
74 52
74 63
74 87
74 39
74 77
74 64
57 98
57 4
57 63
57 67
57 85
98 14
98 20
98 51
98 65
98 99
98 13
67 61
67 53
67 72
67 81
67 85
67 60
67 27
45 43
45 99
45 85
45 11
45 97
45 87
45 77
61 89
61 75
61 2
61 97
61 41
81 82
81 48
81 13
81 93
82 54
82 27
82 68
82 83
82 1
82 20
54 65
54 63
54 30
54 76
54 23
54 93
65 97
65 63
65 64
65 41
40 53
40 62
40 56
40 25
40 1
39 85
39 13
39 59
39 58
39 11
39 1
85 20
85 23
85 70
85 87
85 46
77 27
77 52
77 13
77 17
14 23
14 88
14 60
14 78
14 87
14 76
14 70
60 19
60 83
60 41
60 63
60 70
43 1
43 95
43 79
43 11
43 88
97 19
97 49
97 38
97 88
97 48
97 78
97 89
76 56
76 51
76 6
30 93
30 87
30 27
30 35
30 44
30 99
30 38
93 83
93 75
93 13
93 35
2 17
2 72
2 44
2 88
2 87
20 23
20 92
20 25
4 68
4 99
4 17
4 35
68 46
68 66
68 99
68 58
68 89
51 63
51 1
51 62
51 52
51 79
63 78
63 34
23 64
23 41
1 53
1 75
53 35
53 49
53 64
53 52
66 70
66 58
66 35
66 25
70 58
70 79
70 52
41 78
56 89
56 34
56 59
58 62
58 34
58 83
58 6
58 64
58 19
62 34
62 99
62 75
62 11
62 6
62 88
89 78
89 87
27 83
83 49
83 55
83 6
17 38
17 11
17 55
17 95
17 72
19 6
19 25
99 59
64 38
64 92
64 72
75 13
75 92
75 38
38 55
38 13
46 92
46 6
46 55
46 59
46 95
46 48
92 87
92 88
92 72
6 79
6 55
49 95
49 52
11 88
11 55
11 48
95 25
95 55
87 52
25 59
25 72
59 44
59 79
72 79
72 35
48 13
